95949
74432
67320
72450
74943
85994
56472
38675
34517
17535
35287
25701
57104
68533
73691
55005
44572
21910
13132
9438
5163
3467
6135
8239
34092
81270
101915
119679
166250
188625
136289
180872
203541
196987
218842
238950
198523
151616
108790
89172
51323
48213
41377
35093
67185
56127
61887
63232
72584
42641
43626
78592
63127
41580
54619
79322
40390
30228
46541
44786
26320
21096
33538
65782
112318
85568
110160
117333
99153
79191
44227
31927
24423
35376
73293
144405
227664
162734
179388
147195
154125
212604
222079
145712
241960
230152
170060
121380
51304
75922
58912
25940
61641
83314
148896
195876
202570
231088
201884
202050
