4569
3917
3366
4025
4163
4526
3529
2975
2465
1753
2520
1977
3569
3607
3878
3667
2971
2191
1876
1573
860
693
876
915
1894
3010
4632
5699
6650
7545
8017
7864
7828
7879
8417
8850
7635
6592
5180
3715
3019
2678
2758
2699
4479
4317
4420
4215
4536
3876
3966
4912
4208
3780
4201
4666
4039
3778
4231
4071
3760
3516
3726
4385
5348
6112
6120
6518
5508
4399
2948
2280
1744
2211
3331
4813
7344
7397
9441
9813
10275
10124
10094
9107
8961
8852
7730
7140
6413
5423
3927
2594
3424
3787
6768
8161
10128
10504
10625
10102
